----------------------------------------
931|727|758|660|519|436|848|344|969|756|
----------------------------------------
423|387|601|606|259|766|504|463|841|261|
----------------------------------------
692|393|543|198|601|853|895|809|748|440|
----------------------------------------
348|609|241|119|152|151|236|169|698|921|
----------------------------------------
368|666|513|254|656|243|334|160|711|525|
----------------------------------------
346|151|823|407|659|350|806|251|648|853|
----------------------------------------
905|552|514|850|502|819|114|956|145|757|
----------------------------------------
201|841|968|905|415|139|372|567|811|512|
----------------------------------------
464|424|965|380|152|193|105|157|559|555|
----------------------------------------
988|141|681|545|298|586|560|587|363|634|
----------------------------------------
